0.0 0
1.006 14400
1.01203 15840
1.01204 14400
1.01204 15200
1.01204 14880
1.01205 14560
1.01805 14400
1.01807 13760
1.06107 10080
1.06109 8640
1.06707 10080
1.06709 8640
1.06709 5760
1.0972 2880
1.10322 0
1.12211 5760
1.12211 7200
1.12813 5760
1.12814 7200
1.13416 4320
1.14018 1440
1.14021 4320
1.15826 5760
1.15826 4320
1.15826 5760
1.16429 2880
1.20128 0
1.2133 2880
1.2133 4320
1.21333 2880
1.23139 0
1.23741 2880
1.25631 0
1.26834 2880
1.26834 4320
1.26837 2880
1.28642 0
1.29325 2880
1.31053 4320
1.31053 2880
1.31656 0
1.32259 2880
1.33464 4320
1.33464 2880
1.34669 0
1.38365 2880
1.38968 4320
1.38968 2880
1.40173 4320
1.40173 2880
1.40776 0
1.41378 2880
1.42584 4320
1.42584 2880
1.44391 4320
1.44392 2880
1.44994 0
1.45597 2880
1.45597 4320
1.45677 2880
1.50498 0
1.51101 2880
1.51101 4320
1.51101 2880
1.52909 0
1.53511 2880
1.55922 0
1.56605 2880
1.56605 4320
1.57207 2880
1.58412 0
1.59698 2880
1.60823 4320
1.60823 2880
1.63314 0
1.64519 2880
1.64519 4320
1.65122 5760
1.65122 4320
1.65202 5760
1.65724 2880
1.68135 0
1.70023 2880
1.70023 4320
1.70023 2880
1.71831 0
1.72433 2880
1.72433 4320
1.72436 2880
1.76732 0
1.77937 2880
1.77937 4320
1.77937 2880
1.8095 0
1.81553 2880
1.83441 4320
1.83441 2880
1.84649 0
1.85249 2880
1.85251 0
1.85852 2880
1.87659 0
1.88864 2880
1.88864 4320
1.88945 2880
1.91358 0
1.93166 2880
1.93166 4320
1.93768 2880
1.96779 0
1.97462 2880
1.97462 4320
1.98064 2880
2.01682 0
2.01763 2880
2.01763 4320
2.02282 2880
2.04171 0
2.06581 2880
2.07267 4320
2.07786 2880
2.08472 0
2.09675 2880
2.12088 0
2.12771 2880
2.12771 4320
2.13293 2880
2.151 4320
2.151 2880
2.15703 0
2.16306 2880
2.1948 0
2.20604 2880
2.20604 4320
2.21207 2880
2.22412 0
2.24903 2880
2.24903 4320
2.25506 5760
2.25506 4320
2.25506 5760
2.26109 2880
2.26109 4320
2.26109 2880
2.27916 0
2.28519 2880
2.29122 4320
2.29724 2880
2.30327 4320
2.3093 2880
2.31532 4320
2.31614 2880
2.32215 0
2.32817 2880
2.32817 4320
2.3342 2880
2.34023 4320
2.34023 2880
2.35228 4320
2.35228 2880
2.35831 0
2.36433 2880
2.40732 4320
2.40732 2880
2.4194 0
2.42542 2880
2.45633 0
2.46156 2880
2.46156 4320
2.46158 2880
2.4684 0
2.47443 2880
2.49854 4320
2.49854 2880
2.50458 0
2.5106 2880
2.52265 0
2.52868 2880
2.52868 4320
2.53471 5760
2.53471 4320
2.53547 5760
2.54073 2880
2.54676 0
2.55278 2880
2.55881 0
2.56484 2880
2.56484 4320
2.56564 2880
2.60861 0
2.61987 2880
2.6259 4320
2.6259 2880
2.64398 0
2.65 2880
2.66286 4320
2.66287 2880
2.67492 0
2.69299 2880
2.69981 0
2.70583 2880
2.7179 4320
2.71791 2880
2.74882 4320
2.75325 2880
2.78578 0
2.80307 2880
2.80307 4320
2.80308 2880
2.82195 0
2.82797 2880
2.83401 0
2.84003 2880
2.84082 4320
2.84606 2880
2.86414 0
2.87619 2880
2.89427 4320
2.89427 2880
2.9003 0
2.90633 2880
2.91235 0
2.91838 2880
2.93043 4320
2.93043 2880
2.94248 0
2.96137 2880
2.97342 4320
2.97342 2880
3.02243 0
3.02846 2880
3.02846 4320
3.02846 2880
3.04654 0
3.05256 2880
3.07064 0
3.07667 2880
3.07667 4320
3.08269 2880
3.1068 4320
3.1068 2880
3.11885 0
3.1309 2880
3.15661 0
3.16184 2880
3.16184 4320
3.16184 2880
3.19277 0
3.20482 2880
3.20482 4320
3.20641 2880
3.22893 0
3.23576 2880
3.24701 4320
3.24701 2880
3.27953 0
3.30205 2880
3.30205 4320
3.30205 2880
3.32615 0
3.33218 2880
3.3382 4320
3.3382 2880
3.35026 0
3.35629 2880
3.36994 0
3.37596 2880
3.37596 4320
3.37596 2880
3.42418 4320
3.4294 2880
3.43543 0
3.44145 2880
3.46272 0
3.46716 2880
3.47319 4320
3.47319 2880
3.48524 0
3.50854 2880
3.5214 4320
3.5222 2880
3.52822 0
3.53425 2880
3.5463 4320
3.5463 2880
3.55835 0
3.56438 2880
3.59531 0
3.60134 2880
3.60134 4320
3.60737 2880
3.62545 0
3.6375 2880
3.64353 4320
3.64353 2880
3.66845 0
3.68049 2880
3.68049 4320
3.68651 2880
3.72267 0
3.72952 2880
3.72952 4320
3.73553 2880
3.75965 0
3.76567 2880
3.7717 4320
3.77771 2880
3.80262 0
3.82674 2880
3.82674 4320
3.82674 2880
3.84562 0
3.85084 2880
3.85687 0
3.88178 2880
3.88178 4320
3.8878 2880
3.89986 0
3.90588 2880
3.90588 4320
3.91191 2880
3.91793 4320
3.92396 2880
3.92999 4320
3.93601 2880
3.94205 4320
3.94205 2880
3.99708 4320
3.99708 2880
4.00914 0
4.02119 2880
4.04009 0
4.04609 2880
4.04609 4320
4.0461 2880
4.05212 0
4.05815 2880
4.0702 0
4.07623 2880
4.08908 0
4.0951 2880
4.0951 4320
4.10034 2880
4.11318 0
4.11921 2880
4.1373 0
4.14935 2880
4.14935 4320
4.15014 2880
4.19233 0
4.20439 2880
4.20439 4320
4.21041 2880
4.21644 0
4.22247 2880
4.24134 4320
4.24134 2880
4.25339 0
4.28956 2880
4.29638 4320
4.29638 2880
4.30243 4320
4.30764 5760
4.30843 7200
4.30843 5760
4.30843 7200
4.31446 4320
4.32049 1440
4.32651 4320
4.32651 5760
4.33254 4320
4.33254 5760
4.36349 2880
4.36352 0
4.37473 2880
4.37473 4320
4.37552 2880
4.40648 0
4.41771 2880
4.41771 4320
4.41853 2880
4.44784 0
4.45387 2880
4.45387 4320
4.45467 2880
4.47195 0
4.47797 2880
4.49605 4320
4.49605 2880
4.50208 0
4.52096 2880
4.53461 0
4.54506 2880
4.55109 4320
4.55109 2880
4.57759 0
4.60613 2880
4.60613 4320
4.60693 2880
4.63023 4320
4.63023 2880
4.67322 0
4.68527 2880
4.68527 4320
4.68527 2880
4.69732 0
4.69813 2880
4.71177 0
4.72143 2880
4.73348 4320
4.73348 2880
4.76441 0
4.77646 2880
4.77646 4320
4.78249 5760
4.78249 4320
4.78249 5760
4.78851 2880
4.8066 0
4.83753 2880
4.83753 4320
4.84355 2880
4.85561 4320
4.85561 2880
4.86164 0
4.86766 2880
4.86766 4320
4.87369 2880
4.88574 4320
4.88574 2880
4.89177 4320
4.8978 2880
4.94681 4320
4.94682 2880
4.95886 0
4.96489 2880
4.98979 0
4.99581 2880
5.00185 4320
5.00707 2880
5.02072 0
5.0388 2880
5.05085 0
5.05687 2880
5.05687 4320
5.05688 2880
5.08099 4320
5.08099 2880
5.08702 0
5.12397 2880
5.13004 4320
5.13602 2880
5.13605 0
5.14205 2880
5.14807 0
5.1541 2880
5.1541 4320
5.16012 5760
5.16013 4320
5.16615 2880
5.19712 0
5.20314 2880
5.20314 4320
5.20914 2880
5.23324 0
5.23927 2880
5.23927 4320
5.24012 2880
5.25735 0
5.26337 2880
5.27543 4320
5.27543 2880
5.28748 0
5.29953 2880
5.32524 4320
5.32527 2880
5.34332 0
5.34935 2880
5.3614 4320
5.3614 2880
5.39755 0
5.40961 2880
5.40961 4320
5.41563 2880
5.43452 0
5.44135 2880
5.45781 4320
5.45862 2880
5.4767 0
5.48273 2880
5.48875 0
5.49478 2880
5.49478 4320
5.49638 2880
5.50844 0
5.52491 2880
5.53776 4320
5.53777 2880
5.54379 0
5.54982 2880
5.56187 4320
5.56187 2880
5.57392 0
5.57995 2880
5.58597 4320
5.58598 2880
5.59803 0
5.60405 2880
5.60405 4320
5.61008 5760
5.61008 4320
5.61088 5760
5.6161 2880
5.65909 4320
5.65991 2880
5.66594 0
5.67196 2880
5.70208 0
5.7081 2880
5.7081 4320
5.70811 2880
5.72016 0
5.73301 2880
5.75189 4320
5.75631 2880
5.76919 0
5.80012 2880
5.80615 4320
5.80615 2880
5.8182 0
5.82421 2880
5.86116 4320
5.86119 2880
5.89733 0
5.91542 2880
5.91542 4320
5.91623 2880
5.93509 0
5.94033 2880
5.94636 4320
5.94636 2880
5.96443 0
5.97046 2880
6.00139 4320
6.00217 2880
6.03153 0
6.04961 2880
6.04961 4320
6.04961 2880
6.06166 0
6.06324 2880
6.08052 0
6.08054 2880
6.08657 4320
6.08657 2880
6.11147 0
6.14158 2880
6.14158 4320
6.14161 2880
6.15966 0
6.16491 2880
6.16573 0
6.17176 2880
6.17176 4320
6.17778 5760
6.17778 4320
6.18381 2880
6.20189 0
6.20791 2880
6.20791 4320
6.20867 2880
6.24488 0
6.25693 2880
6.25693 4320
6.26295 2880
6.28103 0
6.28706 2880
6.31197 4320
6.31719 2880
6.33004 0
6.3308 2880
6.34888 4320
6.34888 2880
6.36696 0
6.37901 2880
6.37901 4320
6.37906 2880
6.41597 0
6.43405 2880
6.43405 4320
6.44007 2880
6.45213 0
6.45815 2880
6.46498 4320
6.4702 2880
6.47704 0
6.48909 2880
6.51922 4320
6.51922 2880
6.52525 0
6.53127 2880
6.54935 4320
6.54935 2880
6.5614 0
6.59234 2880
6.60439 4320
6.60439 2880
6.61644 0
6.62247 2880
6.62247 4320
6.62849 2880
6.64657 4320
6.64657 2880
6.65862 0
6.66465 2880
6.66465 4320
6.66545 2880
6.71969 4320
6.71969 2880
6.73777 0
6.74379 2880
6.7679 4320
6.7679 2880
6.77995 0
6.7868 2880
6.82294 4320
6.82294 2880
6.83056 0
6.84787 2880
6.87195 0
6.87275 2880
6.87798 4320
6.87878 2880
6.90893 0
6.92702 2880
6.92702 4320
6.93301 2880
6.95109 0
6.9519 2880
6.96395 4320
6.96395 2880
6.976 0
6.98202 2880
7.00015 0
7.0122 2880
7.01899 4320
7.01899 2880
7.04309 4320
7.04309 2880
7.05514 0
7.0921 2880
7.09813 4320
7.09815 2880
7.11021 0
7.11624 2880
7.11624 4320
7.12227 2880
7.15922 0
7.17128 2880
7.17128 4320
7.1773 5760
7.17731 4320
7.17731 5760
7.18333 2880
7.19539 4320
7.19539 2880
7.23837 0
7.25044 2880
7.25044 4320
7.25645 2880
7.26851 0
7.27453 2880
7.30548 4320
7.31069 2880
7.31671 0
7.31753 2880
7.34765 0
7.3545 2880
7.3545 4320
7.36052 2880
7.37257 0
7.3786 2880
7.39668 4320
7.39668 2880
7.44569 0
7.45172 2880
7.45172 4320
7.45774 2880
7.475 0
7.47662 2880
7.4947 4320
7.4947 2880
7.51881 0
7.54372 2880
7.54974 4320
7.54974 2880
7.56179 0
7.56699 2880
7.57985 4320
7.57985 2880
7.59792 0
7.60395 2880
7.60998 4320
7.60998 2880
7.62203 0
7.62805 2880
7.64011 4320
7.64011 2880
7.67189 0
7.68992 2880
7.68992 4320
7.69515 2880
7.71322 0
7.71486 2880
7.72608 4320
7.72608 2880
7.73813 0
7.74416 2880
7.76304 0
7.78112 2880
7.78112 4320
7.78195 5760
7.78714 4320
7.78715 5760
7.78715 2880
7.7992 4320
7.80003 2880
7.81125 0
7.81728 2880
7.8233 4320
7.8241 2880
7.84138 4320
7.84138 2880
7.84741 0
7.85343 2880
7.85946 4320
7.86026 2880
7.87151 0
7.87754 2880
7.87754 4320
7.87914 2880
7.89119 4320
7.89562 2880
7.90164 0
7.90767 2880
7.90767 4320
7.90847 2880
7.92575 4320
7.92575 2880
7.9378 0
7.94985 2880
7.94985 4320
7.95146 2880
7.98682 0
8.00489 2880
8.00489 4320
8.01092 2880
8.0298 0
8.03826 2880
8.03826 4320
8.04105 2880
8.06515 4320
8.06595 2880
8.07721 0
8.08926 2880
8.09528 4320
8.09849 2880
8.11336 0
8.15032 2880
8.15032 4320
8.15635 2880
8.16318 4320
8.16641 2880
8.17523 0
8.21822 2880
8.21822 4320
8.22424 2880
8.23027 4320
8.23027 2880
8.23953 0
8.24555 2880
8.24555 4320
8.25158 2880
8.30059 4320
8.30258 2880
8.3247 0
8.34638 2880
8.34638 4320
8.3524 5760
8.3524 4320
8.3524 5760
8.35843 2880
8.36446 0
8.37048 2880
8.37048 4320
8.37371 2880
8.39178 4320
8.39179 2880
8.40384 0
8.40986 2880
8.41589 4320
8.41869 2880
8.42794 0
8.43397 2880
8.43999 4320
8.43999 2880
8.45204 0
8.45807 2880
8.45807 4320
8.4641 5760
8.4641 4320
8.4649 5760
8.47012 2880
8.47615 4320
8.47695 2880
8.48298 4320
8.48298 2880
8.49503 0
8.53802 2880
8.53802 4320
8.54405 2880
8.55007 4320
8.55007 2880
8.5561 0
8.56212 2880
8.56212 4320
8.57418 2880
8.58623 4320
8.59828 2880
8.6473 4320
8.65252 2880
8.66457 0
8.67059 2880
8.68867 4320
8.68867 2880
8.70072 0
8.71278 2880
8.73329 0
8.73769 2880
8.73769 4320
8.73929 2880
8.77384 0
8.77987 2880
8.77987 4320
8.78227 2880
8.81683 0
8.82286 2880
8.82286 4320
8.82286 2880
8.84336 0
8.85539 2880
8.87347 4320
8.87347 2880
8.87951 0
8.88554 2880
8.89156 0
8.89759 2880
8.91567 4320
8.91567 2880
8.92772 0
8.95263 2880
8.95865 4320
8.96468 2880
8.97673 4320
8.97673 2880
8.98277 0
8.98879 2880
8.98879 4320
8.99482 2880
9.00687 4320
9.00687 2880
9.06191 4320
9.06191 2880
9.07396 0
9.07999 2880
9.10488 0
9.11012 2880
9.11695 4320
9.11697 2720
9.12297 2880
