#Time RTT(s)
0.0 0.00764341
1.50498 0.012813
1.51101 0.0120864
1.51703 0.0113256
1.52306 0.0106599
1.52909 0.0108274
1.53511 0.010224
1.54114 0.00969597
1.54717 0.00923397
1.55319 0.00882972
1.55922 0.00922601
1.56605 0.0104478
1.57207 0.0122668
1.5781 0.0114834
1.58412 0.011548
1.59095 0.0123545
1.59698 0.0138102
1.60221 0.0158339
1.60823 0.0183547
1.61426 0.0168103
1.63314 0.017834
1.63917 0.0163548
1.64519 0.0150604
1.65122 0.0139279
1.65724 0.0129369
1.68135 0.0150698
1.68217 0.0170611
1.68817 0.0195534
1.6942 0.0178593
1.70023 0.0163768
1.70626 0.0150797
1.71228 0.0139448
1.71831 0.0129517
1.72433 0.0120827
1.73036 0.0113224
1.73639 0.0106571
1.76732 0.0139499
1.77335 0.0175812
1.77937 0.0161335
1.7854 0.0148669
1.79142 0.0137585
1.79745 0.0127887
1.80348 0.0119401
1.8095 0.0111976
1.81553 0.0105479
1.83441 0.0123544
1.84044 0.0146851
1.84646 0.0174745
1.84649 0.0199152
1.85249 0.0228008
1.85251 0.0253257
1.85852 0.028285
1.87659 0.0331243
1.88262 0.0297338
1.88864 0.0267671
1.89467 0.0241712
1.9007 0.0218998
1.90672 0.0199123
1.91358 0.0190483
1.91958 0.0190422
1.9256 0.019787
1.92563 0.0204386
1.93166 0.0186338
1.93768 0.0170545
1.94371 0.0156727
1.94973 0.0144636
1.95576 0.0134057
1.96779 0.01398
1.96859 0.0146075
1.97462 0.0135315
1.98667 0.0125901
1.99269 0.0117663
1.99872 0.0110455
2.00475 0.0104148
2.01682 0.011363
2.01763 0.0123176
2.02365 0.0115279
2.04171 0.0130869
2.04773 0.0152011
2.05376 0.0178009
2.05979 0.0163258
2.06581 0.0157851
2.06584 0.0153119
2.07186 0.015648
2.07267 0.016067
2.07869 0.0148086
2.08472 0.0144575
2.09072 0.0149003
2.09675 0.0160378
2.12088 0.0200331
2.1269 0.0242789
2.12771 0.0281191
2.13293 0.0321042
2.13373 0.0357162
2.13895 0.0395016
2.14498 0.0353139
2.151 0.0317747
2.15703 0.0285529
2.16306 0.0257337
2.1948 0.027142
2.20002 0.0291243
2.20604 0.0316087
2.20682 0.0337826
2.21809 0.0303098
2.22412 0.0272711
2.24903 0.0277372
2.25506 0.02502
2.26109 0.0226425
2.26711 0.0205622
2.27314 0.0187419
2.27916 0.0171492
2.28519 0.0157556
2.29122 0.0145361
2.29724 0.0134691
2.30327 0.0125355
2.3093 0.0124685
2.31532 0.01166
2.31612 0.0110775
2.32215 0.0104428
2.32817 0.00988743
2.3342 0.0094015
2.34023 0.00897632
2.34625 0.00860427
2.35228 0.00827874
2.35831 0.0079939
2.36433 0.00774466
2.40732 0.0129016
2.40734 0.0174139
2.41337 0.0159871
2.4194 0.0147388
2.42542 0.0136464
2.43145 0.0126906
2.43747 0.0118543
2.45633 0.0134975
2.46156 0.0155603
2.46239 0.0174903
2.4684 0.019929
2.47441 0.0228129
2.47443 0.0253363
2.48046 0.0229192
2.48649 0.0208043
2.49251 0.0189538
2.49854 0.0173346
2.50458 0.0159177
2.5106 0.014678
2.51663 0.0135933
2.52265 0.0126441
2.52868 0.0118136
2.53471 0.0110869
2.54073 0.010451
2.54676 0.00989465
2.55278 0.00940782
2.55881 0.00898184
2.56484 0.00860911
2.57086 0.00828297
2.57689 0.0079976
2.60861 0.0117479
2.61987 0.0164044
2.6259 0.0212289
2.63193 0.0193253
2.63795 0.0176596
2.64398 0.0162021
2.65 0.0158019
2.65081 0.0154516
2.65684 0.0158952
2.66286 0.0146583
2.66889 0.013576
2.67492 0.012629
2.69299 0.0140504
2.69378 0.0154191
2.69981 0.0142417
2.70583 0.0132115
2.71188 0.01306
2.7179 0.0136775
2.71869 0.0143428
2.72393 0.01555
2.74882 0.0197312
2.75485 0.0180148
2.76087 0.016513
2.78578 0.0183239
2.79102 0.0206584
2.79705 0.0234511
2.80307 0.0212697
2.8091 0.019361
2.81513 0.0176909
2.82195 0.0169795
2.82797 0.0171071
2.83399 0.0179687
2.83401 0.0188476
2.84003 0.0203666
2.84082 0.0216958
2.84684 0.0197338
2.86414 0.0202671
2.87017 0.0184837
2.87619 0.0169233
2.88222 0.0155578
2.88825 0.0143631
2.89427 0.0133177
2.9003 0.012403
2.90633 0.0116026
2.91235 0.0109023
2.91838 0.0102895
2.92441 0.00975332
2.93043 0.00928416
2.93646 0.00887364
2.94248 0.00851443
2.96137 0.0105751
2.96739 0.0100032
2.97342 0.00950283
2.97945 0.00906498
3.02243 0.0140569
3.02846 0.0130497
3.03448 0.0121685
3.04051 0.0121475
3.04654 0.012879
3.05256 0.0142691
3.05859 0.0162355
3.06461 0.0187061
3.07064 0.0171178
3.07667 0.0157281
3.08872 0.0145121
3.09475 0.0134481
3.10077 0.0125171
3.1068 0.0117024
3.11282 0.0109896
3.11885 0.0103659
3.12488 0.00982018
3.1309 0.00934265
3.15661 0.0121748
3.16184 0.015278
3.16264 0.0181182
3.16786 0.0212284
3.16867 0.0240749
3.19277 0.0295655
3.19879 0.0266198
3.20482 0.0240424
3.21244 0.0217871
3.21847 0.0198137
3.22893 0.019337
3.22973 0.0190448
3.23576 0.0195392
3.24098 0.0205968
3.24701 0.0223972
3.25303 0.0203476
3.25906 0.0185541
3.26508 0.0169849
3.27953 0.0173618
3.29602 0.0198165
3.30205 0.0227145
3.30285 0.0252502
3.30807 0.0282189
3.3141 0.0315665
3.32012 0.0283707
3.32615 0.0263244
3.32695 0.0245338
3.33218 0.0237171
3.3382 0.0215025
3.34423 0.0195647
3.35026 0.0178691
3.35629 0.0163854
3.36994 0.0167123
3.37516 0.0177482
3.37596 0.0186547
3.38199 0.0170729
3.38801 0.0158138
3.39404 0.014587
3.42418 0.0172637
3.43543 0.0158557
3.44145 0.0146237
3.44748 0.0135458
3.45351 0.0126025
3.45953 0.0117772
3.46272 0.0114301
3.46716 0.0117513
3.47319 0.0127824
3.47921 0.0119346
3.48524 0.0119428
3.49127 0.0111999
3.49729 0.0105499
3.50854 0.0113562
3.51016 0.0123117
3.51537 0.0137727
3.5214 0.0128011
3.52822 0.011951
3.53425 0.0112071
3.54027 0.0105562
3.5463 0.00998669
3.55233 0.00948835
3.55835 0.00905231
3.56438 0.00867077
3.59531 0.0122119
3.60134 0.0160604
3.60136 0.0194279
3.60737 0.0231244
3.62545 0.0286088
3.63147 0.0257827
3.6375 0.0240599
3.64353 0.0218024
3.64955 0.0198271
3.66845 0.0204737
3.67447 0.0217895
3.68049 0.0198158
3.68652 0.0180888
3.69255 0.0165777
3.69857 0.0152555
3.72267 0.0170986
3.72349 0.0188363
3.72952 0.0172317
3.73554 0.0158278
3.74157 0.0145993
3.74759 0.0135244
3.75362 0.0125838
3.75965 0.0117608
3.76567 0.0110407
3.7717 0.0104106
3.77772 0.00985932
3.78375 0.0093769
3.80262 0.0113298
3.80865 0.0137886
3.80867 0.01594
3.81467 0.0185725
3.82071 0.0216259
3.82674 0.0196727
3.83276 0.0187136
3.83879 0.0171244
3.84562 0.0166089
3.85084 0.0167827
3.85687 0.0176849
3.88178 0.0215993
3.8878 0.0257744
3.89383 0.0233026
3.89986 0.0218898
3.90588 0.0214035
3.91191 0.0194781
3.91793 0.0177933
3.91794 0.0163192
3.92999 0.0150293
3.93 0.0139006
3.93602 0.013038
3.94205 0.0121583
3.94808 0.0113885
3.99708 0.0168399
4.0031 0.0154849
4.00914 0.0150493
4.00993 0.0146682
4.01517 0.0150846
4.02119 0.0161991
4.02201 0.0172992
4.02801 0.0190118
4.03404 0.0212603
4.04006 0.0239778
4.04009 0.0263555
4.04609 0.0291861
4.05212 0.0262878
4.05815 0.0237519
4.06418 0.0215329
4.0702 0.0195913
4.07623 0.0178924
4.08908 0.0180308
4.09431 0.018777
4.0951 0.0195548
4.10113 0.0178605
4.10716 0.0163779
4.11318 0.0150807
4.11921 0.0139456
4.1373 0.0152024
4.14332 0.0140521
4.14935 0.0130456
4.15537 0.0121649
4.1614 0.0113943
4.1622 0.010845
4.16822 0.0102394
4.19233 0.0127094
4.20439 0.0163708
4.21041 0.0203244
4.21644 0.0185339
4.22247 0.0177171
4.22849 0.0177525
4.22929 0.0179084
4.23531 0.0187949
4.24134 0.0203205
4.24736 0.0185304
4.25339 0.0169641
4.25942 0.0155936
4.28956 0.0181444
4.29558 0.0166264
4.29638 0.0154231
4.2964 0.0143702
4.3024 0.0141989
4.30243 0.014049
4.30764 0.0136679
4.30843 0.0128344
4.31446 0.0119801
4.32049 0.0112326
4.32651 0.0105785
4.36349 0.0146312
4.36352 0.0181773
4.36949 0.0220301
4.36952 0.0254014
4.37473 0.0289762
4.38154 0.0261042
4.38757 0.0235912
4.40648 0.0237673
4.41248 0.0246714
4.41771 0.0260874
4.42374 0.0235765
4.42976 0.0213794
4.43579 0.019457
4.44182 0.0177749
4.44784 0.016303
4.45387 0.0150151
4.45989 0.0138883
4.46592 0.0129022
4.47195 0.0120394
4.47797 0.0112845
4.484 0.0106239
4.49002 0.010171
4.49605 0.00964958
4.50208 0.00919339
4.52096 0.0110442
4.52256 0.0129137
4.52858 0.0120495
4.53461 0.0112933
4.54506 0.0120066
4.55109 0.0133808
4.55189 0.0145832
4.57759 0.0188853
4.58362 0.0233996
4.60613 0.0302247
4.61215 0.0271966
4.61818 0.025297
4.61898 0.0236349
4.63023 0.0236805
4.63626 0.0214705
4.67322 0.0241617
4.67924 0.0218914
4.68527 0.020655
4.69129 0.0188231
4.69732 0.0179702
4.69813 0.017349
4.70336 0.0174303
4.71177 0.0185016
4.72143 0.0206889
4.72745 0.0188527
4.73348 0.0172462
4.7395 0.0158404
4.76441 0.0177353
4.77044 0.0162684
4.77646 0.0149849
4.78249 0.0138618
4.78851 0.012879
4.8066 0.0142692
4.8074 0.0156105
4.81342 0.0175342
4.81945 0.0199674
4.82547 0.0182215
4.83753 0.0181938
4.84355 0.0166696
4.84958 0.0153359
4.85561 0.0141689
4.86164 0.0131478
4.86766 0.0122543
4.87972 0.0114725
4.88574 0.0107885
4.89177 0.0101899
4.8978 0.00966616
4.94681 0.0153329
4.95284 0.0141663
4.95886 0.0131455
4.96489 0.0130023
4.96568 0.013002
4.97171 0.0137518
4.97694 0.0150328
4.97774 0.0162787
4.98376 0.0181189
4.98979 0.020479
4.99581 0.0186691
5.00105 0.0178355
5.00185 0.017106
5.00787 0.0172178
5.0079 0.0173156
5.02072 0.0190261
5.02675 0.0212729
5.03198 0.0238637
5.038 0.0217558
5.0388 0.0199113
5.04482 0.0190474
5.05085 0.0174165
5.05687 0.0159894
5.0629 0.0147407
5.06893 0.0136481
5.06896 0.0126921
5.07497 0.0126056
5.08099 0.0117799
5.08702 0.0111824
5.09305 0.0105346
5.12397 0.0137178
5.12399 0.0165031
5.12999 0.0196902
5.13002 0.0226039
5.13004 0.0251534
5.13605 0.0281342
5.14205 0.0314925
5.14807 0.0283059
5.1541 0.0255177
5.16012 0.023078
5.16615 0.0209432
5.17218 0.0190753
5.19712 0.0205659
5.20314 0.0187452
5.21517 0.017152
5.22119 0.015758
5.22722 0.0145383
5.23324 0.013471
5.23927 0.0125371
5.2453 0.01172
5.25132 0.011005
5.25735 0.0103793
5.26337 0.00983193
5.2694 0.00935294
5.27543 0.00893382
5.28145 0.00856709
5.28748 0.0082462
5.2935 0.00796543
5.29953 0.00771975
5.32524 0.0107548
5.33127 0.0101604
5.33729 0.0103904
5.34332 0.00984158
5.34935 0.00936138
5.35537 0.00894121
5.3614 0.00857356
5.36742 0.00825186
5.37345 0.00797038
5.39755 0.0107241
5.40358 0.0101336
5.40961 0.00961687
5.41563 0.00916476
5.42166 0.00876917
5.43452 0.010048
5.43536 0.011292
5.44135 0.0131305
5.44657 0.0153642
5.45179 0.0179437
5.45781 0.0164507
5.46465 0.0151444
5.47067 0.0140013
5.4767 0.0130012
5.48273 0.012126
5.48875 0.0113603
5.49478 0.0106902
5.50241 0.010104
5.50844 0.00959096
5.52491 0.0111421
5.52571 0.0126243
5.53173 0.0146713
5.53776 0.0135874
5.54379 0.012639
5.54982 0.0118091
5.55584 0.0110829
5.56187 0.0104476
5.5679 0.00989163
5.57392 0.00940518
5.57995 0.00897953
5.58597 0.00860709
5.592 0.0084062
5.59803 0.00810542
5.60405 0.00784225
5.61008 0.00761197
5.6161 0.00741047
5.65909 0.0126092
5.66594 0.011783
5.67196 0.0110601
5.67799 0.0104276
5.68402 0.00999917
5.69004 0.00949927
5.69607 0.00906186
5.70208 0.00942913
5.7081 0.0105005
5.71413 0.00993793
5.72016 0.00944569
5.73301 0.01064
5.73823 0.01231
5.73906 0.0138962
5.74508 0.0160342
5.75189 0.0186549
5.75792 0.0170731
5.76919 0.0171889
5.77522 0.0157903
5.7941 0.0169415
5.80012 0.0155738
5.80615 0.0143771
5.81218 0.01333
5.8182 0.0124137
5.82421 0.012362
5.86116 0.0169418
5.86719 0.015574
5.86799 0.0143773
5.87402 0.0134551
5.89733 0.0155232
5.91542 0.0195828
5.92145 0.017885
5.92748 0.0163993
5.9335 0.0150994
5.93509 0.014212
5.94033 0.0140605
5.94636 0.0146779
5.95238 0.0135932
5.95841 0.012644
5.96443 0.0118135
5.97046 0.0110868
6.00139 0.014326
6.0074 0.0179102
6.00742 0.0210465
6.01345 0.0245407
6.03153 0.0298481
6.03756 0.0268671
6.04358 0.0250087
6.04961 0.0241326
6.05564 0.021866
6.06166 0.0198828
6.06324 0.0183974
6.06851 0.0177227
6.07451 0.0178824
6.08052 0.0187721
6.08054 0.0195506
6.08657 0.0209818
6.09259 0.019109
6.11147 0.0198454
6.1175 0.0181147
6.12352 0.0166004
6.12955 0.0152753
6.13558 0.0148659
6.14158 0.0152577
6.14761 0.0141005
6.15363 0.0130879
6.15966 0.0122019
6.16491 0.0120517
6.16573 0.0120452
6.17176 0.0112896
6.17778 0.0106284
6.18381 0.0100498
6.18983 0.0095436
6.19586 0.00910065
6.20189 0.00871307
6.20791 0.00837393
6.21394 0.00807719
6.24488 0.0116925
6.2509 0.015606
6.25693 0.0144052
6.26295 0.0133546
6.26898 0.0124352
6.27501 0.0117558
6.28103 0.0110364
6.28706 0.0104068
6.31197 0.012856
6.31799 0.015749
6.32402 0.0191553
6.33004 0.0228859
6.3308 0.0261502
6.33683 0.0236314
6.34285 0.0214275
6.34888 0.019499
6.35491 0.0178117
6.36093 0.0163352
6.36696 0.0150433
6.37298 0.0139129
6.37901 0.0130488
6.38504 0.0121677
6.39106 0.0113967
6.41597 0.0137221
6.41679 0.0158819
6.43405 0.0200216
6.44007 0.0243939
6.4461 0.0220947
6.45213 0.0200828
6.45815 0.0190725
6.46418 0.0189384
6.46498 0.0188211
6.47101 0.0173435
6.47704 0.0159256
6.48306 0.0146849
6.48909 0.0135992
6.51922 0.0163993
6.52525 0.0150994
6.53127 0.014712
6.5373 0.013623
6.54332 0.0126701
6.54935 0.0118364
6.55537 0.0111068
6.5614 0.0104685
6.58631 0.0130349
6.59234 0.0160305
6.59836 0.0194017
6.60439 0.0231015
6.60519 0.0264638
6.61041 0.0300308
6.61644 0.027027
6.62247 0.0243986
6.63452 0.0220988
6.64055 0.0200864
6.64657 0.0183256
6.6526 0.0167849
6.65862 0.0154368
6.66465 0.0142572
6.67068 0.0132251
6.6767 0.0123219
6.71969 0.0169067
6.72571 0.0216683
6.73174 0.0197098
6.73777 0.0179961
6.74379 0.0172466
6.74982 0.0158407
6.75585 0.0146107
6.76187 0.0135343
6.7679 0.0133425
6.77392 0.0124247
6.77995 0.0116216
6.78597 0.0109189
6.7868 0.0104291
6.79283 0.00987542
6.79885 0.00939099
6.80488 0.00896712
6.82294 0.0108462
6.82374 0.0126155
6.82896 0.0147885
6.83056 0.01694
6.83659 0.0155725
6.84787 0.0157509
6.85389 0.016657
6.85992 0.0153249
6.87195 0.0156593
6.87275 0.0160769
6.87798 0.0170673
6.884 0.0188089
6.88402 0.0203328
6.90893 0.0246662
6.92096 0.0299579
6.92099 0.0345882
6.92702 0.0311396
6.93304 0.0279972
6.93907 0.0252475
6.94509 0.0235916
6.95109 0.0228926
6.9519 0.0222811
6.95792 0.0224959
6.96395 0.0204339
6.96997 0.0186297
6.976 0.017051
6.98202 0.0157946
7.00015 0.0169453
7.00618 0.0155771
7.0122 0.01438
7.01899 0.0140825
7.0242 0.0145722
7.02501 0.0151256
7.03104 0.0139849
7.03707 0.0129868
7.04309 0.0121135
7.04912 0.0113493
7.05514 0.0106806
7.06117 0.0100955
7.0921 0.0134586
7.09212 0.0164013
7.09813 0.0197261
7.09816 0.0226354
7.10416 0.0259309
7.10419 0.0288146
7.11021 0.0259627
7.11624 0.0234674
7.12226 0.021284
7.12829 0.0193735
7.15922 0.0215768
7.16522 0.0242547
7.16524 0.0265979
7.17128 0.0293981
7.1773 0.0264734
7.18333 0.0239142
7.18936 0.0216749
7.19539 0.0197155
7.20141 0.0180011
7.23837 0.021126
7.2444 0.0246102
7.25042 0.0284089
7.25044 0.0317328
7.25647 0.0285162
7.26249 0.0264517
7.26851 0.0253952
7.27453 0.0252208
7.28055 0.0258182
7.28658 0.0233409
7.2874 0.0212983
7.30548 0.021761
7.31671 0.0197909
7.31753 0.018192
7.32356 0.016668
7.32959 0.0153345
7.34765 0.0164177
7.35367 0.0181155
7.3545 0.0197261
7.36052 0.0180103
7.36655 0.016509
7.37257 0.0151954
7.3786 0.014796
7.38463 0.0136965
7.39585 0.0141094
7.39668 0.0145957
7.4027 0.0135213
7.40873 0.0125811
7.44569 0.0163835
7.45089 0.0203355
7.45172 0.0239186
7.45772 0.0278038
7.45775 0.0312033
7.46377 0.0280529
7.4698 0.0260463
7.475 0.0249155
7.47662 0.0241761
7.48185 0.024154
7.48267 0.0242598
7.48868 0.0251023
7.4947 0.0265895
7.50073 0.0240158
7.51881 0.0240139
7.51883 0.0240121
7.52486 0.0217606
7.53088 0.0197905
7.54209 0.0195667
7.54372 0.0194959
7.54974 0.0201839
7.55577 0.0184109
7.56179 0.0168595
7.56699 0.0161271
7.56782 0.0156112
7.57382 0.0159098
7.57985 0.0146711
7.58587 0.0135872
7.5919 0.0126388
7.59792 0.0118089
7.60395 0.0110828
7.60998 0.0104475
7.616 0.0100165
7.62203 0.00951447
7.62805 0.00907516
7.63408 0.00869076
7.64011 0.00835442
7.64613 0.00806012
7.67189 0.0109276
7.67792 0.0103117
7.68992 0.0112727
7.69595 0.0106136
7.70198 0.0100369
7.70721 0.0102823
7.71322 0.011247
7.71486 0.0122161
7.72006 0.0138141
7.72608 0.0159623
7.73211 0.0147171
7.73813 0.0136274
7.74416 0.012674
7.76304 0.0142147
7.76907 0.0131879
7.78112 0.0137894
7.78195 0.0143157
7.78715 0.0155263
7.79317 0.0143355
7.7992 0.0132935
7.80523 0.0123819
7.81125 0.0115841
7.81728 0.0108861
7.8233 0.0102753
7.82933 0.00974092
7.83536 0.00927331
7.84138 0.00886415
7.84741 0.00850613
7.85343 0.00819286
7.85946 0.00791875
7.86549 0.00767891
7.87151 0.00746904
7.87754 0.00728541
7.88517 0.00712474
7.89119 0.00698414
7.90164 0.00686113
7.90767 0.00675349
7.9137 0.0066593
7.91972 0.00657689
7.92575 0.00650477
7.93177 0.00644168
7.9378 0.00638647
7.94383 0.00633816
7.94985 0.00629589
7.95588 0.0062589
7.98682 0.0101015
7.98841 0.0137138
8.00489 0.0188746
8.01092 0.0172653
8.01694 0.0158571
8.02297 0.014625
8.0298 0.0144219
8.03502 0.0149941
8.03826 0.0158699
8.04708 0.0146361
8.0531 0.0135566
8.05913 0.012612
8.06515 0.0117855
8.07118 0.0110623
8.07721 0.0104295
8.08323 0.00987585
8.08926 0.00939137
8.09528 0.00896745
8.10131 0.00859652
8.10734 0.00827195
8.11336 0.00798796
8.11939 0.00773946
8.15032 0.011397
8.15635 0.0153474
8.16038 0.019304
8.16318 0.023141
8.1692 0.0209984
8.17523 0.0191236
8.21822 0.0228581
8.22344 0.0267508
8.22747 0.030657
8.23027 0.0276999
8.2335 0.0253624
8.23953 0.0229421
8.24555 0.0208243
8.25158 0.0189713
8.2576 0.0173499
8.30059 0.0213061
8.30861 0.0193929
8.3247 0.0197188
8.33072 0.0180039
8.33675 0.0165034
8.34638 0.0164405
8.3524 0.0151354
8.35843 0.0139935
8.36446 0.0129943
8.37048 0.01212
8.37973 0.011355
8.38576 0.0106856
8.39178 0.0100999
8.39781 0.00958744
8.40384 0.00913901
8.40986 0.00874664
8.41589 0.00840331
8.42191 0.00810289
8.42794 0.00784003
8.43397 0.00761003
8.43999 0.00740877
8.44602 0.00735768
8.45204 0.00718797
8.45807 0.00703947
8.4641 0.00690954
8.47012 0.00679584
8.47615 0.00669636
8.48298 0.00660932
8.48901 0.00665815
8.49503 0.00657588
8.53802 0.0118789
8.54324 0.017144
8.54405 0.021876
8.54405 0.0198915
8.55007 0.0182801
8.5561 0.0167451
8.56212 0.0154019
8.56815 0.0142267
8.5802 0.0131984
8.58623 0.0122986
8.60431 0.0115112
8.6473 0.0161973
8.65854 0.0149227
8.66457 0.0138073
8.67059 0.0128314
8.67662 0.0119775
8.68265 0.0112303
8.68867 0.0105765
8.6947 0.0100044
8.70072 0.00950389
8.70675 0.00906591
8.71278 0.00868267
8.73329 0.0109723
8.73769 0.0134758
8.74371 0.0125413
8.74974 0.0117237
8.77384 0.0140082
8.77987 0.0130072
8.7883 0.0121313
8.79433 0.0113649
8.80035 0.0106943
8.81683 0.0121075
8.82286 0.014094
8.82888 0.0130823
8.84336 0.014072
8.84937 0.015688
8.85539 0.014477
8.86142 0.0141674
8.86585 0.0143964
8.86745 0.0148469
8.87347 0.013741
8.87951 0.0127734
8.88554 0.0119267
8.89156 0.0111859
8.89759 0.0105376
8.90361 0.00997044
8.90964 0.00947414
8.91567 0.00903987
8.92169 0.00865988
8.92772 0.0083274
8.94057 0.00966147
8.9466 0.00920379
8.95263 0.00880332
8.95865 0.0084529
8.96468 0.00814629
8.97071 0.007878
8.97673 0.00764325
8.98277 0.00743784
8.98879 0.00725811
9.00085 0.00710085
9.00687 0.00696324
9.0129 0.00684284
9.06191 0.0128625
9.06794 0.0120047
9.07396 0.0112541
9.07999 0.0105973
9.08602 0.0101477
9.08683 0.0097542
9.09284 0.0101599
9.09886 0.0112649
9.10488 0.0129818
9.11012 0.0152341
9.11695 0.0179548
9.12297 0.0164605
9.12377 0.0152779
9.13503 0.0157432
9.14106 0.0145253
9.14708 0.0142096
9.14788 0.0139334
9.15311 0.0144417
9.15392 0.0148865
9.15995 0.0137757
9.16597 0.0128037
